20151017020942 2 6 100 2047 2 F50BF4FEE839CC55493AFBA1034BFB8BD8DA514F5FA94F3961532132ACF891717294EABA04F70C4AA148677C9F3A20C6EBE1D364387C95E046F9A2A99E80737EE5091B642E083D627194185A341ACF7688676F17F45EAADEBD2F98597CA5CA7EB972B43E9CE53F5D743B793AEB919EC7CF8E1A31ED3F689151C33A21789AA8794666737E39D6B03F6E61E7C70C5C9ABC961A849D27F1C5B9CA59BC160B60253C6DE8E46A8DA1E7724495B0F3314A209BEFB264247291A01F080CC364ECB9E876DA8BA354F2C58A970CF28431F42E8C9AB06B73B8AC6F11321D8FF93B3D3A1705D200E26B5F19EA488A1A0043AC3627E508D2B8A831DF06A059072CF000B6A923
20151017021342 2 6 100 2047 2 F50BF4FEE839CC55493AFBA1034BFB8BD8DA514F5FA94F3961532132ACF891717294EABA04F70C4AA148677C9F3A20C6EBE1D364387C95E046F9A2A99E80737EE5091B642E083D627194185A341ACF7688676F17F45EAADEBD2F98597CA5CA7EB972B43E9CE53F5D743B793AEB919EC7CF8E1A31ED3F689151C33A21789AA8794666737E39D6B03F6E61E7C70C5C9ABC961A849D27F1C5B9CA59BC160B60253C6DE8E46A8DA1E7724495B0F3314A209BEFB264247291A01F080CC364ECB9E876DA8BA354F2C58A970CF28431F42E8C9AB06B73B8AC6F11321D8FF93B3D3A1705D200E26B5F19EA488A1A0043AC3627E508D2B8A831DF06A059072CF000D4B4AB
20151017022112 2 6 100 2047 5 F50BF4FEE839CC55493AFBA1034BFB8BD8DA514F5FA94F3961532132ACF891717294EABA04F70C4AA148677C9F3A20C6EBE1D364387C95E046F9A2A99E80737EE5091B642E083D627194185A341ACF7688676F17F45EAADEBD2F98597CA5CA7EB972B43E9CE53F5D743B793AEB919EC7CF8E1A31ED3F689151C33A21789AA8794666737E39D6B03F6E61E7C70C5C9ABC961A849D27F1C5B9CA59BC160B60253C6DE8E46A8DA1E7724495B0F3314A209BEFB264247291A01F080CC364ECB9E876DA8BA354F2C58A970CF28431F42E8C9AB06B73B8AC6F11321D8FF93B3D3A1705D200E26B5F19EA488A1A0043AC3627E508D2B8A831DF06A059072CF001101347
20151017022238 2 6 100 2047 2 F50BF4FEE839CC55493AFBA1034BFB8BD8DA514F5FA94F3961532132ACF891717294EABA04F70C4AA148677C9F3A20C6EBE1D364387C95E046F9A2A99E80737EE5091B642E083D627194185A341ACF7688676F17F45EAADEBD2F98597CA5CA7EB972B43E9CE53F5D743B793AEB919EC7CF8E1A31ED3F689151C33A21789AA8794666737E39D6B03F6E61E7C70C5C9ABC961A849D27F1C5B9CA59BC160B60253C6DE8E46A8DA1E7724495B0F3314A209BEFB264247291A01F080CC364ECB9E876DA8BA354F2C58A970CF28431F42E8C9AB06B73B8AC6F11321D8FF93B3D3A1705D200E26B5F19EA488A1A0043AC3627E508D2B8A831DF06A059072CF001152953
20151017022658 2 6 100 2047 2 F50BF4FEE839CC55493AFBA1034BFB8BD8DA514F5FA94F3961532132ACF891717294EABA04F70C4AA148677C9F3A20C6EBE1D364387C95E046F9A2A99E80737EE5091B642E083D627194185A341ACF7688676F17F45EAADEBD2F98597CA5CA7EB972B43E9CE53F5D743B793AEB919EC7CF8E1A31ED3F689151C33A21789AA8794666737E39D6B03F6E61E7C70C5C9ABC961A849D27F1C5B9CA59BC160B60253C6DE8E46A8DA1E7724495B0F3314A209BEFB264247291A01F080CC364ECB9E876DA8BA354F2C58A970CF28431F42E8C9AB06B73B8AC6F11321D8FF93B3D3A1705D200E26B5F19EA488A1A0043AC3627E508D2B8A831DF06A059072CF001361363
20151017022940 2 6 100 2047 5 F50BF4FEE839CC55493AFBA1034BFB8BD8DA514F5FA94F3961532132ACF891717294EABA04F70C4AA148677C9F3A20C6EBE1D364387C95E046F9A2A99E80737EE5091B642E083D627194185A341ACF7688676F17F45EAADEBD2F98597CA5CA7EB972B43E9CE53F5D743B793AEB919EC7CF8E1A31ED3F689151C33A21789AA8794666737E39D6B03F6E61E7C70C5C9ABC961A849D27F1C5B9CA59BC160B60253C6DE8E46A8DA1E7724495B0F3314A209BEFB264247291A01F080CC364ECB9E876DA8BA354F2C58A970CF28431F42E8C9AB06B73B8AC6F11321D8FF93B3D3A1705D200E26B5F19EA488A1A0043AC3627E508D2B8A831DF06A059072CF00146942F
20151017023047 2 6 100 2047 2 F50BF4FEE839CC55493AFBA1034BFB8BD8DA514F5FA94F3961532132ACF891717294EABA04F70C4AA148677C9F3A20C6EBE1D364387C95E046F9A2A99E80737EE5091B642E083D627194185A341ACF7688676F17F45EAADEBD2F98597CA5CA7EB972B43E9CE53F5D743B793AEB919EC7CF8E1A31ED3F689151C33A21789AA8794666737E39D6B03F6E61E7C70C5C9ABC961A849D27F1C5B9CA59BC160B60253C6DE8E46A8DA1E7724495B0F3314A209BEFB264247291A01F080CC364ECB9E876DA8BA354F2C58A970CF28431F42E8C9AB06B73B8AC6F11321D8FF93B3D3A1705D200E26B5F19EA488A1A0043AC3627E508D2B8A831DF06A059072CF001487213
20151017024653 2 6 100 2047 2 F50BF4FEE839CC55493AFBA1034BFB8BD8DA514F5FA94F3961532132ACF891717294EABA04F70C4AA148677C9F3A20C6EBE1D364387C95E046F9A2A99E80737EE5091B642E083D627194185A341ACF7688676F17F45EAADEBD2F98597CA5CA7EB972B43E9CE53F5D743B793AEB919EC7CF8E1A31ED3F689151C33A21789AA8794666737E39D6B03F6E61E7C70C5C9ABC961A849D27F1C5B9CA59BC160B60253C6DE8E46A8DA1E7724495B0F3314A209BEFB264247291A01F080CC364ECB9E876DA8BA354F2C58A970CF28431F42E8C9AB06B73B8AC6F11321D8FF93B3D3A1705D200E26B5F19EA488A1A0043AC3627E508D2B8A831DF06A059072CF001D1E243
20151017025242 2 6 100 2047 5 F50BF4FEE839CC55493AFBA1034BFB8BD8DA514F5FA94F3961532132ACF891717294EABA04F70C4AA148677C9F3A20C6EBE1D364387C95E046F9A2A99E80737EE5091B642E083D627194185A341ACF7688676F17F45EAADEBD2F98597CA5CA7EB972B43E9CE53F5D743B793AEB919EC7CF8E1A31ED3F689151C33A21789AA8794666737E39D6B03F6E61E7C70C5C9ABC961A849D27F1C5B9CA59BC160B60253C6DE8E46A8DA1E7724495B0F3314A209BEFB264247291A01F080CC364ECB9E876DA8BA354F2C58A970CF28431F42E8C9AB06B73B8AC6F11321D8FF93B3D3A1705D200E26B5F19EA488A1A0043AC3627E508D2B8A831DF06A059072CF002003A47
20151017025504 2 6 100 2047 5 F50BF4FEE839CC55493AFBA1034BFB8BD8DA514F5FA94F3961532132ACF891717294EABA04F70C4AA148677C9F3A20C6EBE1D364387C95E046F9A2A99E80737EE5091B642E083D627194185A341ACF7688676F17F45EAADEBD2F98597CA5CA7EB972B43E9CE53F5D743B793AEB919EC7CF8E1A31ED3F689151C33A21789AA8794666737E39D6B03F6E61E7C70C5C9ABC961A849D27F1C5B9CA59BC160B60253C6DE8E46A8DA1E7724495B0F3314A209BEFB264247291A01F080CC364ECB9E876DA8BA354F2C58A970CF28431F42E8C9AB06B73B8AC6F11321D8FF93B3D3A1705D200E26B5F19EA488A1A0043AC3627E508D2B8A831DF06A059072CF0020DDBA7
20151017025614 2 6 100 2047 2 F50BF4FEE839CC55493AFBA1034BFB8BD8DA514F5FA94F3961532132ACF891717294EABA04F70C4AA148677C9F3A20C6EBE1D364387C95E046F9A2A99E80737EE5091B642E083D627194185A341ACF7688676F17F45EAADEBD2F98597CA5CA7EB972B43E9CE53F5D743B793AEB919EC7CF8E1A31ED3F689151C33A21789AA8794666737E39D6B03F6E61E7C70C5C9ABC961A849D27F1C5B9CA59BC160B60253C6DE8E46A8DA1E7724495B0F3314A209BEFB264247291A01F080CC364ECB9E876DA8BA354F2C58A970CF28431F42E8C9AB06B73B8AC6F11321D8FF93B3D3A1705D200E26B5F19EA488A1A0043AC3627E508D2B8A831DF06A059072CF002116853
20151017031249 2 6 100 2047 5 F50BF4FEE839CC55493AFBA1034BFB8BD8DA514F5FA94F3961532132ACF891717294EABA04F70C4AA148677C9F3A20C6EBE1D364387C95E046F9A2A99E80737EE5091B642E083D627194185A341ACF7688676F17F45EAADEBD2F98597CA5CA7EB972B43E9CE53F5D743B793AEB919EC7CF8E1A31ED3F689151C33A21789AA8794666737E39D6B03F6E61E7C70C5C9ABC961A849D27F1C5B9CA59BC160B60253C6DE8E46A8DA1E7724495B0F3314A209BEFB264247291A01F080CC364ECB9E876DA8BA354F2C58A970CF28431F42E8C9AB06B73B8AC6F11321D8FF93B3D3A1705D200E26B5F19EA488A1A0043AC3627E508D2B8A831DF06A059072CF002A20C0F
20151017031344 2 6 100 2047 5 F50BF4FEE839CC55493AFBA1034BFB8BD8DA514F5FA94F3961532132ACF891717294EABA04F70C4AA148677C9F3A20C6EBE1D364387C95E046F9A2A99E80737EE5091B642E083D627194185A341ACF7688676F17F45EAADEBD2F98597CA5CA7EB972B43E9CE53F5D743B793AEB919EC7CF8E1A31ED3F689151C33A21789AA8794666737E39D6B03F6E61E7C70C5C9ABC961A849D27F1C5B9CA59BC160B60253C6DE8E46A8DA1E7724495B0F3314A209BEFB264247291A01F080CC364ECB9E876DA8BA354F2C58A970CF28431F42E8C9AB06B73B8AC6F11321D8FF93B3D3A1705D200E26B5F19EA488A1A0043AC3627E508D2B8A831DF06A059072CF002A2909F
20151017031513 2 6 100 2047 5 F50BF4FEE839CC55493AFBA1034BFB8BD8DA514F5FA94F3961532132ACF891717294EABA04F70C4AA148677C9F3A20C6EBE1D364387C95E046F9A2A99E80737EE5091B642E083D627194185A341ACF7688676F17F45EAADEBD2F98597CA5CA7EB972B43E9CE53F5D743B793AEB919EC7CF8E1A31ED3F689151C33A21789AA8794666737E39D6B03F6E61E7C70C5C9ABC961A849D27F1C5B9CA59BC160B60253C6DE8E46A8DA1E7724495B0F3314A209BEFB264247291A01F080CC364ECB9E876DA8BA354F2C58A970CF28431F42E8C9AB06B73B8AC6F11321D8FF93B3D3A1705D200E26B5F19EA488A1A0043AC3627E508D2B8A831DF06A059072CF002A81407
20151017033459 2 6 100 2047 2 F50BF4FEE839CC55493AFBA1034BFB8BD8DA514F5FA94F3961532132ACF891717294EABA04F70C4AA148677C9F3A20C6EBE1D364387C95E046F9A2A99E80737EE5091B642E083D627194185A341ACF7688676F17F45EAADEBD2F98597CA5CA7EB972B43E9CE53F5D743B793AEB919EC7CF8E1A31ED3F689151C33A21789AA8794666737E39D6B03F6E61E7C70C5C9ABC961A849D27F1C5B9CA59BC160B60253C6DE8E46A8DA1E7724495B0F3314A209BEFB264247291A01F080CC364ECB9E876DA8BA354F2C58A970CF28431F42E8C9AB06B73B8AC6F11321D8FF93B3D3A1705D200E26B5F19EA488A1A0043AC3627E508D2B8A831DF06A059072CF0035DB4FB
20151017034143 2 6 100 2047 2 F50BF4FEE839CC55493AFBA1034BFB8BD8DA514F5FA94F3961532132ACF891717294EABA04F70C4AA148677C9F3A20C6EBE1D364387C95E046F9A2A99E80737EE5091B642E083D627194185A341ACF7688676F17F45EAADEBD2F98597CA5CA7EB972B43E9CE53F5D743B793AEB919EC7CF8E1A31ED3F689151C33A21789AA8794666737E39D6B03F6E61E7C70C5C9ABC961A849D27F1C5B9CA59BC160B60253C6DE8E46A8DA1E7724495B0F3314A209BEFB264247291A01F080CC364ECB9E876DA8BA354F2C58A970CF28431F42E8C9AB06B73B8AC6F11321D8FF93B3D3A1705D200E26B5F19EA488A1A0043AC3627E508D2B8A831DF06A059072CF00392268B
20151017040421 2 6 100 2047 2 F50BF4FEE839CC55493AFBA1034BFB8BD8DA514F5FA94F3961532132ACF891717294EABA04F70C4AA148677C9F3A20C6EBE1D364387C95E046F9A2A99E80737EE5091B642E083D627194185A341ACF7688676F17F45EAADEBD2F98597CA5CA7EB972B43E9CE53F5D743B793AEB919EC7CF8E1A31ED3F689151C33A21789AA8794666737E39D6B03F6E61E7C70C5C9ABC961A849D27F1C5B9CA59BC160B60253C6DE8E46A8DA1E7724495B0F3314A209BEFB264247291A01F080CC364ECB9E876DA8BA354F2C58A970CF28431F42E8C9AB06B73B8AC6F11321D8FF93B3D3A1705D200E26B5F19EA488A1A0043AC3627E508D2B8A831DF06A059072CF0045DCC5B
20151017041009 2 6 100 2047 2 F50BF4FEE839CC55493AFBA1034BFB8BD8DA514F5FA94F3961532132ACF891717294EABA04F70C4AA148677C9F3A20C6EBE1D364387C95E046F9A2A99E80737EE5091B642E083D627194185A341ACF7688676F17F45EAADEBD2F98597CA5CA7EB972B43E9CE53F5D743B793AEB919EC7CF8E1A31ED3F689151C33A21789AA8794666737E39D6B03F6E61E7C70C5C9ABC961A849D27F1C5B9CA59BC160B60253C6DE8E46A8DA1E7724495B0F3314A209BEFB264247291A01F080CC364ECB9E876DA8BA354F2C58A970CF28431F42E8C9AB06B73B8AC6F11321D8FF93B3D3A1705D200E26B5F19EA488A1A0043AC3627E508D2B8A831DF06A059072CF00489F4A3
20151017041814 2 6 100 2047 2 F50BF4FEE839CC55493AFBA1034BFB8BD8DA514F5FA94F3961532132ACF891717294EABA04F70C4AA148677C9F3A20C6EBE1D364387C95E046F9A2A99E80737EE5091B642E083D627194185A341ACF7688676F17F45EAADEBD2F98597CA5CA7EB972B43E9CE53F5D743B793AEB919EC7CF8E1A31ED3F689151C33A21789AA8794666737E39D6B03F6E61E7C70C5C9ABC961A849D27F1C5B9CA59BC160B60253C6DE8E46A8DA1E7724495B0F3314A209BEFB264247291A01F080CC364ECB9E876DA8BA354F2C58A970CF28431F42E8C9AB06B73B8AC6F11321D8FF93B3D3A1705D200E26B5F19EA488A1A0043AC3627E508D2B8A831DF06A059072CF004CCA43B
20151017042033 2 6 100 2047 2 F50BF4FEE839CC55493AFBA1034BFB8BD8DA514F5FA94F3961532132ACF891717294EABA04F70C4AA148677C9F3A20C6EBE1D364387C95E046F9A2A99E80737EE5091B642E083D627194185A341ACF7688676F17F45EAADEBD2F98597CA5CA7EB972B43E9CE53F5D743B793AEB919EC7CF8E1A31ED3F689151C33A21789AA8794666737E39D6B03F6E61E7C70C5C9ABC961A849D27F1C5B9CA59BC160B60253C6DE8E46A8DA1E7724495B0F3314A209BEFB264247291A01F080CC364ECB9E876DA8BA354F2C58A970CF28431F42E8C9AB06B73B8AC6F11321D8FF93B3D3A1705D200E26B5F19EA488A1A0043AC3627E508D2B8A831DF06A059072CF004DAD5E3
20151017042403 2 6 100 2047 2 F50BF4FEE839CC55493AFBA1034BFB8BD8DA514F5FA94F3961532132ACF891717294EABA04F70C4AA148677C9F3A20C6EBE1D364387C95E046F9A2A99E80737EE5091B642E083D627194185A341ACF7688676F17F45EAADEBD2F98597CA5CA7EB972B43E9CE53F5D743B793AEB919EC7CF8E1A31ED3F689151C33A21789AA8794666737E39D6B03F6E61E7C70C5C9ABC961A849D27F1C5B9CA59BC160B60253C6DE8E46A8DA1E7724495B0F3314A209BEFB264247291A01F080CC364ECB9E876DA8BA354F2C58A970CF28431F42E8C9AB06B73B8AC6F11321D8FF93B3D3A1705D200E26B5F19EA488A1A0043AC3627E508D2B8A831DF06A059072CF004F1415B
20151017043720 2 6 100 2047 2 F50BF4FEE839CC55493AFBA1034BFB8BD8DA514F5FA94F3961532132ACF891717294EABA04F70C4AA148677C9F3A20C6EBE1D364387C95E046F9A2A99E80737EE5091B642E083D627194185A341ACF7688676F17F45EAADEBD2F98597CA5CA7EB972B43E9CE53F5D743B793AEB919EC7CF8E1A31ED3F689151C33A21789AA8794666737E39D6B03F6E61E7C70C5C9ABC961A849D27F1C5B9CA59BC160B60253C6DE8E46A8DA1E7724495B0F3314A209BEFB264247291A01F080CC364ECB9E876DA8BA354F2C58A970CF28431F42E8C9AB06B73B8AC6F11321D8FF93B3D3A1705D200E26B5F19EA488A1A0043AC3627E508D2B8A831DF06A059072CF00563C753
20151017044128 2 6 100 2047 2 F50BF4FEE839CC55493AFBA1034BFB8BD8DA514F5FA94F3961532132ACF891717294EABA04F70C4AA148677C9F3A20C6EBE1D364387C95E046F9A2A99E80737EE5091B642E083D627194185A341ACF7688676F17F45EAADEBD2F98597CA5CA7EB972B43E9CE53F5D743B793AEB919EC7CF8E1A31ED3F689151C33A21789AA8794666737E39D6B03F6E61E7C70C5C9ABC961A849D27F1C5B9CA59BC160B60253C6DE8E46A8DA1E7724495B0F3314A209BEFB264247291A01F080CC364ECB9E876DA8BA354F2C58A970CF28431F42E8C9AB06B73B8AC6F11321D8FF93B3D3A1705D200E26B5F19EA488A1A0043AC3627E508D2B8A831DF06A059072CF005831AFB
20151017044500 2 6 100 2047 5 F50BF4FEE839CC55493AFBA1034BFB8BD8DA514F5FA94F3961532132ACF891717294EABA04F70C4AA148677C9F3A20C6EBE1D364387C95E046F9A2A99E80737EE5091B642E083D627194185A341ACF7688676F17F45EAADEBD2F98597CA5CA7EB972B43E9CE53F5D743B793AEB919EC7CF8E1A31ED3F689151C33A21789AA8794666737E39D6B03F6E61E7C70C5C9ABC961A849D27F1C5B9CA59BC160B60253C6DE8E46A8DA1E7724495B0F3314A209BEFB264247291A01F080CC364ECB9E876DA8BA354F2C58A970CF28431F42E8C9AB06B73B8AC6F11321D8FF93B3D3A1705D200E26B5F19EA488A1A0043AC3627E508D2B8A831DF06A059072CF0059B8E27
20151017044627 2 6 100 2047 2 F50BF4FEE839CC55493AFBA1034BFB8BD8DA514F5FA94F3961532132ACF891717294EABA04F70C4AA148677C9F3A20C6EBE1D364387C95E046F9A2A99E80737EE5091B642E083D627194185A341ACF7688676F17F45EAADEBD2F98597CA5CA7EB972B43E9CE53F5D743B793AEB919EC7CF8E1A31ED3F689151C33A21789AA8794666737E39D6B03F6E61E7C70C5C9ABC961A849D27F1C5B9CA59BC160B60253C6DE8E46A8DA1E7724495B0F3314A209BEFB264247291A01F080CC364ECB9E876DA8BA354F2C58A970CF28431F42E8C9AB06B73B8AC6F11321D8FF93B3D3A1705D200E26B5F19EA488A1A0043AC3627E508D2B8A831DF06A059072CF005A16B23
20151017045744 2 6 100 2047 2 F50BF4FEE839CC55493AFBA1034BFB8BD8DA514F5FA94F3961532132ACF891717294EABA04F70C4AA148677C9F3A20C6EBE1D364387C95E046F9A2A99E80737EE5091B642E083D627194185A341ACF7688676F17F45EAADEBD2F98597CA5CA7EB972B43E9CE53F5D743B793AEB919EC7CF8E1A31ED3F689151C33A21789AA8794666737E39D6B03F6E61E7C70C5C9ABC961A849D27F1C5B9CA59BC160B60253C6DE8E46A8DA1E7724495B0F3314A209BEFB264247291A01F080CC364ECB9E876DA8BA354F2C58A970CF28431F42E8C9AB06B73B8AC6F11321D8FF93B3D3A1705D200E26B5F19EA488A1A0043AC3627E508D2B8A831DF06A059072CF006051623
20151017045845 2 6 100 2047 2 F50BF4FEE839CC55493AFBA1034BFB8BD8DA514F5FA94F3961532132ACF891717294EABA04F70C4AA148677C9F3A20C6EBE1D364387C95E046F9A2A99E80737EE5091B642E083D627194185A341ACF7688676F17F45EAADEBD2F98597CA5CA7EB972B43E9CE53F5D743B793AEB919EC7CF8E1A31ED3F689151C33A21789AA8794666737E39D6B03F6E61E7C70C5C9ABC961A849D27F1C5B9CA59BC160B60253C6DE8E46A8DA1E7724495B0F3314A209BEFB264247291A01F080CC364ECB9E876DA8BA354F2C58A970CF28431F42E8C9AB06B73B8AC6F11321D8FF93B3D3A1705D200E26B5F19EA488A1A0043AC3627E508D2B8A831DF06A059072CF00606267B
20151017051042 2 6 100 2047 5 F50BF4FEE839CC55493AFBA1034BFB8BD8DA514F5FA94F3961532132ACF891717294EABA04F70C4AA148677C9F3A20C6EBE1D364387C95E046F9A2A99E80737EE5091B642E083D627194185A341ACF7688676F17F45EAADEBD2F98597CA5CA7EB972B43E9CE53F5D743B793AEB919EC7CF8E1A31ED3F689151C33A21789AA8794666737E39D6B03F6E61E7C70C5C9ABC961A849D27F1C5B9CA59BC160B60253C6DE8E46A8DA1E7724495B0F3314A209BEFB264247291A01F080CC364ECB9E876DA8BA354F2C58A970CF28431F42E8C9AB06B73B8AC6F11321D8FF93B3D3A1705D200E26B5F19EA488A1A0043AC3627E508D2B8A831DF06A059072CF0066C74E7
20151017051856 2 6 100 2047 2 F50BF4FEE839CC55493AFBA1034BFB8BD8DA514F5FA94F3961532132ACF891717294EABA04F70C4AA148677C9F3A20C6EBE1D364387C95E046F9A2A99E80737EE5091B642E083D627194185A341ACF7688676F17F45EAADEBD2F98597CA5CA7EB972B43E9CE53F5D743B793AEB919EC7CF8E1A31ED3F689151C33A21789AA8794666737E39D6B03F6E61E7C70C5C9ABC961A849D27F1C5B9CA59BC160B60253C6DE8E46A8DA1E7724495B0F3314A209BEFB264247291A01F080CC364ECB9E876DA8BA354F2C58A970CF28431F42E8C9AB06B73B8AC6F11321D8FF93B3D3A1705D200E26B5F19EA488A1A0043AC3627E508D2B8A831DF06A059072CF006B0B80B
20151017052123 2 6 100 2047 5 F50BF4FEE839CC55493AFBA1034BFB8BD8DA514F5FA94F3961532132ACF891717294EABA04F70C4AA148677C9F3A20C6EBE1D364387C95E046F9A2A99E80737EE5091B642E083D627194185A341ACF7688676F17F45EAADEBD2F98597CA5CA7EB972B43E9CE53F5D743B793AEB919EC7CF8E1A31ED3F689151C33A21789AA8794666737E39D6B03F6E61E7C70C5C9ABC961A849D27F1C5B9CA59BC160B60253C6DE8E46A8DA1E7724495B0F3314A209BEFB264247291A01F080CC364ECB9E876DA8BA354F2C58A970CF28431F42E8C9AB06B73B8AC6F11321D8FF93B3D3A1705D200E26B5F19EA488A1A0043AC3627E508D2B8A831DF06A059072CF006BEFCDF
20151017052613 2 6 100 2047 2 F50BF4FEE839CC55493AFBA1034BFB8BD8DA514F5FA94F3961532132ACF891717294EABA04F70C4AA148677C9F3A20C6EBE1D364387C95E046F9A2A99E80737EE5091B642E083D627194185A341ACF7688676F17F45EAADEBD2F98597CA5CA7EB972B43E9CE53F5D743B793AEB919EC7CF8E1A31ED3F689151C33A21789AA8794666737E39D6B03F6E61E7C70C5C9ABC961A849D27F1C5B9CA59BC160B60253C6DE8E46A8DA1E7724495B0F3314A209BEFB264247291A01F080CC364ECB9E876DA8BA354F2C58A970CF28431F42E8C9AB06B73B8AC6F11321D8FF93B3D3A1705D200E26B5F19EA488A1A0043AC3627E508D2B8A831DF06A059072CF006E2F95B
20151017052820 2 6 100 2047 2 F50BF4FEE839CC55493AFBA1034BFB8BD8DA514F5FA94F3961532132ACF891717294EABA04F70C4AA148677C9F3A20C6EBE1D364387C95E046F9A2A99E80737EE5091B642E083D627194185A341ACF7688676F17F45EAADEBD2F98597CA5CA7EB972B43E9CE53F5D743B793AEB919EC7CF8E1A31ED3F689151C33A21789AA8794666737E39D6B03F6E61E7C70C5C9ABC961A849D27F1C5B9CA59BC160B60253C6DE8E46A8DA1E7724495B0F3314A209BEFB264247291A01F080CC364ECB9E876DA8BA354F2C58A970CF28431F42E8C9AB06B73B8AC6F11321D8FF93B3D3A1705D200E26B5F19EA488A1A0043AC3627E508D2B8A831DF06A059072CF006EF0783
20151017052933 2 6 100 2047 2 F50BF4FEE839CC55493AFBA1034BFB8BD8DA514F5FA94F3961532132ACF891717294EABA04F70C4AA148677C9F3A20C6EBE1D364387C95E046F9A2A99E80737EE5091B642E083D627194185A341ACF7688676F17F45EAADEBD2F98597CA5CA7EB972B43E9CE53F5D743B793AEB919EC7CF8E1A31ED3F689151C33A21789AA8794666737E39D6B03F6E61E7C70C5C9ABC961A849D27F1C5B9CA59BC160B60253C6DE8E46A8DA1E7724495B0F3314A209BEFB264247291A01F080CC364ECB9E876DA8BA354F2C58A970CF28431F42E8C9AB06B73B8AC6F11321D8FF93B3D3A1705D200E26B5F19EA488A1A0043AC3627E508D2B8A831DF06A059072CF006F1A31B
20151017053054 2 6 100 2047 5 F50BF4FEE839CC55493AFBA1034BFB8BD8DA514F5FA94F3961532132ACF891717294EABA04F70C4AA148677C9F3A20C6EBE1D364387C95E046F9A2A99E80737EE5091B642E083D627194185A341ACF7688676F17F45EAADEBD2F98597CA5CA7EB972B43E9CE53F5D743B793AEB919EC7CF8E1A31ED3F689151C33A21789AA8794666737E39D6B03F6E61E7C70C5C9ABC961A849D27F1C5B9CA59BC160B60253C6DE8E46A8DA1E7724495B0F3314A209BEFB264247291A01F080CC364ECB9E876DA8BA354F2C58A970CF28431F42E8C9AB06B73B8AC6F11321D8FF93B3D3A1705D200E26B5F19EA488A1A0043AC3627E508D2B8A831DF06A059072CF006F5E61F
20151017053447 2 6 100 2047 5 F50BF4FEE839CC55493AFBA1034BFB8BD8DA514F5FA94F3961532132ACF891717294EABA04F70C4AA148677C9F3A20C6EBE1D364387C95E046F9A2A99E80737EE5091B642E083D627194185A341ACF7688676F17F45EAADEBD2F98597CA5CA7EB972B43E9CE53F5D743B793AEB919EC7CF8E1A31ED3F689151C33A21789AA8794666737E39D6B03F6E61E7C70C5C9ABC961A849D27F1C5B9CA59BC160B60253C6DE8E46A8DA1E7724495B0F3314A209BEFB264247291A01F080CC364ECB9E876DA8BA354F2C58A970CF28431F42E8C9AB06B73B8AC6F11321D8FF93B3D3A1705D200E26B5F19EA488A1A0043AC3627E508D2B8A831DF06A059072CF00712B14F
20151017054124 2 6 100 2047 5 F50BF4FEE839CC55493AFBA1034BFB8BD8DA514F5FA94F3961532132ACF891717294EABA04F70C4AA148677C9F3A20C6EBE1D364387C95E046F9A2A99E80737EE5091B642E083D627194185A341ACF7688676F17F45EAADEBD2F98597CA5CA7EB972B43E9CE53F5D743B793AEB919EC7CF8E1A31ED3F689151C33A21789AA8794666737E39D6B03F6E61E7C70C5C9ABC961A849D27F1C5B9CA59BC160B60253C6DE8E46A8DA1E7724495B0F3314A209BEFB264247291A01F080CC364ECB9E876DA8BA354F2C58A970CF28431F42E8C9AB06B73B8AC6F11321D8FF93B3D3A1705D200E26B5F19EA488A1A0043AC3627E508D2B8A831DF06A059072CF0074754EF
20151017054449 2 6 100 2047 2 F50BF4FEE839CC55493AFBA1034BFB8BD8DA514F5FA94F3961532132ACF891717294EABA04F70C4AA148677C9F3A20C6EBE1D364387C95E046F9A2A99E80737EE5091B642E083D627194185A341ACF7688676F17F45EAADEBD2F98597CA5CA7EB972B43E9CE53F5D743B793AEB919EC7CF8E1A31ED3F689151C33A21789AA8794666737E39D6B03F6E61E7C70C5C9ABC961A849D27F1C5B9CA59BC160B60253C6DE8E46A8DA1E7724495B0F3314A209BEFB264247291A01F080CC364ECB9E876DA8BA354F2C58A970CF28431F42E8C9AB06B73B8AC6F11321D8FF93B3D3A1705D200E26B5F19EA488A1A0043AC3627E508D2B8A831DF06A059072CF0075E082B
20151017054904 2 6 100 2047 5 F50BF4FEE839CC55493AFBA1034BFB8BD8DA514F5FA94F3961532132ACF891717294EABA04F70C4AA148677C9F3A20C6EBE1D364387C95E046F9A2A99E80737EE5091B642E083D627194185A341ACF7688676F17F45EAADEBD2F98597CA5CA7EB972B43E9CE53F5D743B793AEB919EC7CF8E1A31ED3F689151C33A21789AA8794666737E39D6B03F6E61E7C70C5C9ABC961A849D27F1C5B9CA59BC160B60253C6DE8E46A8DA1E7724495B0F3314A209BEFB264247291A01F080CC364ECB9E876DA8BA354F2C58A970CF28431F42E8C9AB06B73B8AC6F11321D8FF93B3D3A1705D200E26B5F19EA488A1A0043AC3627E508D2B8A831DF06A059072CF0077CD89F
